4294967279,156
4294967278,298
4294967278,348
4294967279,534
4294967278,384
4294967279,533
4294967279,532
4294967279,531
4294967278,347
4294967279,289
4294967278,296
4294967278,295
4294967278,294
4294967279,288
4294967279,287
4294967278,345
4294967279,324
4294967279,323
4294967278,139
4294967278,285
4294967278,284
4294967278,272
4294967278,256
4294967278,360
4294967278,251
4294967278,241
4294967278,233
4294967278,219
4294967278,353
4294967278,352
4294967279,554
4294967279,124
4294967279,123
4294967279,122
4294967279,121
4294967279,118
4294967279,242
4294967279,116
4294967279,115
4294967279,114
4294967279,113
4294967279,112
4294967279,111
4294967279,110
4294967279,109
4294967279,226
4294967279,107
4294967279,106
4294967279,105
4294967279,104
4294967279,103
4294967279,102
4294967279,550
4294967279,100
4294967279,96
4294967279,95
4294967279,94
4294967279,93
4294967279,548
4294967279,91
4294967279,90
4294967279,89
4294967279,546
4294967279,87
4294967279,86
4294967279,85
4294967279,84
4294967279,83
4294967279,544
4294967279,82
4294967279,81
4294967279,80
4294967279,79
4294967279,78
4294967279,77
4294967279,76
4294967279,75
4294967279,74
4294967279,73
4294967279,72
4294967279,71
4294967279,70
4294967279,69
4294967279,68
4294967279,67
4294967279,66
4294967279,65
4294967279,64
4294967279,63
4294967279,62
4294967279,61
4294967279,60
4294967279,59
4294967279,58
4294967279,57
4294967279,56
4294967279,55
4294967279,54
4294967279,53
4294967279,52
4294967279,51
4294967279,50
4294967278,341
4294967279,322
4294967294,75
4294967294,1093
4294967294,1091
4294967294,1090
4294967294,1089
4294967294,1015
4294967294,1013
4294967294,1012
4294967294,1011
4294967294,1008
4294967294,1007
4294967294,1006
4294967294,1002
4294967294,999
4294967294,998
4294967294,997
4294967294,996
4294967294,421
4294967294,401
4294967294,190
4294967294,182
4294967294,176
4294967294,173
4294967294,163
4294967294,162
4294967294,161
4294967294,1094
4294967294,1088
4294967279,525
4294967278,259
53,7
4294967279,523
4294967279,522
4294967279,521
4294967278,334
4294967279,520
4294967278,333
4294967279,519
4294967279,518
4294967279,517
53,6
53,5
53,4
4294967278,253
53,3
53,2
53,1
4294967279,120
4294967279,536
4294967278,293
4294967279,119
4294967279,246
4294967278,242
4294967294,38
4294967294,37
4294967294,36
4294967294,39
4294967279,117
4294967279,241
4294967278,237
4294967279,236
4294967278,232
4294967278,236
4294967278,234
4294967279,233
4294967294,40
4294967279,108
4294967279,229
4294967278,228
4294967279,227
4294967278,226
4294967294,1418
4294967294,1095
4294967278,224
4294967279,223
4294967278,222
4294967279,221
50,4
50,3
50,2
50,1
4294967279,101
4294967278,214
49,4
49,3
49,2
49,1
4294967279,213
4294967279,98
4294967279,210
4294967294,458
4294967294,160
4294967294,118
4294967294,451
4294967294,189
4294967278,327
4294967279,99
4294967279,512
4294967278,210
48,6
4294967294,1421
4294967294,392
4294967294,389
4294967279,97
4294967279,208
48,5
4294967279,92
4294967278,206
48,4
4294967279,205
48,3
48,2
48,1
4294967279,204
4294967278,320
4294967279,314
4294967278,202
4294967279,313
47,5
4294967279,199
4294967278,198
4294967279,198
47,4
47,3
47,2
47,1
4294967278,317
4294967294,120
4294967279,195
46,5
4294967294,17
4294967294,99
4294967294,76
4294967294,41
4294967294,89
4294967294,185
4294967294,1092
4294967294,1014
4294967294,170
4294967294,1009
4294967294,995
4294967294,1004
4294967278,192
4294967279,192
46,4
46,3
46,2
46,1
4294967279,308
0,7
4294967294,82
4294967294,42
4294967278,383
4294967294,18
4294967294,127
4294967294,14
4294967294,126
4294967294,20
4294967294,13
4294967278,37
4294967278,36
4294967278,35
4294967278,34
4294967278,33
4294967278,32
4294967278,31
4294967278,30
4294967278,29
4294967278,28
4294967278,27
4294967278,26
4294967278,25
4294967278,24
4294967278,23
4294967278,22
4294967278,21
4294967278,20
4294967278,19
4294967278,18
4294967278,17
4294967278,16
4294967278,15
4294967278,14
4294967278,13
4294967278,12
4294967278,11
4294967278,10
4294967278,9
4294967278,8
4294967278,7
4294967278,6
4294967278,5
4294967278,4
4294967279,132
4294967279,131
4294967279,130
4294967279,129
4294967279,128
4294967279,127
4294967279,126
4294967279,125
4294967279,21
4294967279,20
4294967279,19
4294967279,16
4294967279,14
4294967279,13
4294967279,12
4294967279,11
4294967279,189
4294967278,188
4294967279,188
4294967279,541
4294967278,314
4294967279,306
4294967279,321
4294967278,382
4294967278,313
4294967279,540
4294967278,381
4294967278,181
4294967278,312
4294967279,538
4294967279,320
4294967278,351
4294967294,1
4294967294,393
4294967294,46
4294967279,305
4294967279,537
4294967278,380
4294967278,379
4294967294,2
4294967294,424
4294967279,273
4294967279,539
4294967294,1000
4294967294,29
4294967294,1001
4294967294,186
4294967294,28
4294967294,0
4294967294,1175
4294967278,311
4294967278,349
4294967279,304
4294967278,175
4294967279,303
4294967294,5
4294967294,107
4294967294,91
4294967294,90
4294967294,87
4294967294,86
4294967294,85
4294967294,84
4294967294,419
4294967294,1174
4294967294,1173
4294967294,1017
4294967294,1018
4294967294,26
4294967294,53
4294967294,45
4294967294,427
4294967294,44
4294967294,96
4294967294,94
4294967279,535
4294967294,9
4294967294,8
4294967279,575
4294967279,0
